[{135817133871104,
         66150180589570,
         56360850,
         81914281,
         56267336,
         56360850,
         75760703,
         46933734,
         56267577,
         56360850,
         5718729,
         5636085,
         5636280,
         5626307,
         5626883,
         4638431,
         5715354,
         6184113,
         6187873,
         6178369,
         5626692,
         5626900,
         3406603,
         56360857,
         34277366,
         54498880,
         46933734,
         34066042,
         34066042,
         34277366,
         22851092}]